215711
215753
215712
215779
215657
215581
215638
215710
215698
215657
215736
215564
215693
215780
215768
215718
215694
215716
215816
215699
215711
215653
215683
215611
215739
215707
215606
215649
215680
215708
215646
215629
215711
215669
215632
215661
215642
215685
215628
215637
215707
215671
215759
215710
215659
215648
215686
215572
215670
215691
215693
215606
215729
215699
215624
215695
215639
215581
215679
215639
215623
215645
215631
215672
215601
215566
215634
215639
215693
215634
215688
215548
215690
215765
215759
215628
215716
215626
215693
215704
215612
215653
215697
215744
215697
215711
215817
215650
215821
215787
215603
215632
215663
215634
215641
215675
215743
215598
215561
215678
215638
215705
215693
215616
215678
215700
215691
215741
215667
215692
215740
215616
215663
215711
215693
215618
215678
215826
215627
215641
215689
215670
215696
215701
215620
215718
215591
215859
215653
215557
215625
215659
215690
215669
215615
215640
215702
215645
215675
215669
215674
215702
215669
215699
215690
215621
215704
215791
215604
215713
215662
215710
215698
215685
215687
215741
215619
215739
215717
215648
215783
215705
215730
215733
215721
215759
215687
215681
215763
215694
215661
215661
215689
215718
215712
215675
215669
215769
215648
215546
215697
215648
215699
215766
215613
215744
215766
215749
215676
215684
215722
215645
215810
215710
215797
215646
215717
215657
215871
215616
215573
215762
215672
215680
215704
215638
215658
215642
215625
215681
215661
215676
215623
215663
215590
215715
215749
215619
215754
215744
215746
215661
215798
215672
215630
215762
215716
215623
215778
215669
215670
215689
215751
215720
215662
215614
215684
215741
215652
215759
215749
215736
215700
215665
215712
215640
215756
215671
215692
215760
215665
215658
215616
215758
215689
215662
215696
215761
215656
215641
215739
215707
215726
215680
215701
215712
215627
215745
215703
215701
215731
215674
215650
215740
215719
215593
215694
215636
215703
215687
215665
215686
215686
215766
215668
215619
215645
215658
215733
215672
215750
215744
215666
215568
215654
215655
215670
215617
215718
215700
215727
215574
215624
215711
215763
215718
215611
215652
215643
215608
215624
215658
215647
215696
215734
215616
215627
215626
215663
215673
215593
215690
215791
215638
215690
215647
215691
215733
215650
215604
215697
215639
215636
215614
215577
215673
215679
215648
215612
215676
215721
215601
215678
215737
215741
215661
215635
215725
215696
215709
215663
215635
16773172
215697
215620
215590
215704
215645
215609
215635
215776
215644
215793
215773
215683
215617
215639
215720
215524
215632
215685
215664
215662
215646
215750
215735
215687
215613
215629
215694
215778
215580
215697
215713
215596
215726
215672
215675
215620
215634
215691
215733
215618
215661
215614
215536
215669
215612
215580
215650
215684
215611
215640
215664
215646
215608
215608
215679
215623
215605
215619
215767
215660
215662
215636
215733
215664
215692
215726
215618
215600
215551
215691
215627
215615
215661
215672
215649
215683
215698
215707
215669
215648
215739
215641
215641
215621
215607
215585
215627
215702
215652
215597
215634
215613
215633
215714
215611
215732
215608
215641
215702
215641
215661
215646
215628
215697
215706
215698
215662
215669
215721
215695
215625
215655
215623
215666
215578
215643
215688
215591
215687
215633
215599
215662
215614
215694
215656
215548
215623
215673
215642
215651
215666
215662
215790
215626
215646
215736
215655
215628
215667
215616
215590
215685
215697
215613
215682
215719
215645
