211961.5
211982.75
211945.0
211970.0
211970.0
211929.25
211973.5
211984.0
211979.25
211962.0
211984.5
212022.5
211980.0
212005.75
212023.25
212007.0
212056.5
212030.0
212056.25
212045.75
212056.75
212057.25
212020.25
212050.25
212035.75
212087.0
212058.0
212059.25
212041.75
212035.75
212037.25
212044.0
212040.75
212010.25
212029.0
212023.5
211996.25
212014.25
211967.25
212053.5
212053.0
212025.25
212028.25
212016.75
212023.0
211969.25
4353289.25
212026.75
212005.75
212027.5
211973.75
211997.25
212057.0
212105.25
212089.5
212125.25
212212.5
212154.5
212107.0
212277.0
212342.75
212245.75
212461.25
212325.25
212421.75
212765.5
212918.0
212802.0
212965.75
213494.75
213387.25
213824.5
213827.0
214153.0
214627.0
215022.5
215412.75
215825.25
216269.0
216551.25
216643.25
217200.0
217339.0
217629.25
217814.5
218092.5
218454.75
218516.0
218742.0
218780.75
218635.25
218836.5
218763.0
218610.25
218277.75
218267.0
218115.25
217981.0
217706.0
217370.25
216971.0
217099.5
216575.25
216199.25
216047.0
215863.75
215391.25
215153.25
214864.5
214562.75
214495.75
214126.5
213951.5
213550.0
213291.0
213206.5
213099.25
213030.25
212852.75
212711.0
212671.0
212543.5
212532.25
212438.0
212352.75
212252.25
212221.5
212261.5
212181.75
212143.0
212145.75
212134.75
212131.75
212071.25
212106.0
212106.5
212109.75
212147.0
212122.25
212093.25
212078.75
212081.75
212085.75
212110.0
212119.0
212087.75
212130.25
212084.75
212154.25
212095.75
212111.0
212130.5
212082.75
212084.75
212109.25
212052.0
212066.75
212079.5
212054.25
212076.5
212055.25
212068.5
212037.25
212077.5
212081.25
212065.75
212046.0
212099.0
212036.75
212065.25
212029.25
212017.0
212017.25
212024.0
212019.75
212033.5
212029.5
212022.25
212006.25
212037.5
212033.0
212016.75
212025.75
212029.5
4353325.25
212029.75
212048.75
212043.25
212024.25
212044.75
212012.5
212039.75
211988.5
212054.25
212040.25
212010.5
212022.5
212030.25
212037.5
212067.0
212037.0
212048.75
212042.0
212038.25
212019.5
212032.5
212014.0
212048.25
212021.75
212043.75
212059.0
212057.0
212035.75
212036.0
212036.0
212057.25
212037.75
212066.5
212029.75
212028.25
