211864.25
211824.5
211853.5
211881.25
211846.0
211937.25
211879.0
211879.0
211925.75
211870.0
211882.75
4353199.5
211853.5
211891.5
211850.0
211888.25
211888.5
211858.25
211883.0
211885.75
211892.75
211897.0
211897.25
211918.75
211927.0
211933.25
211931.25
211914.25
211937.75
211939.0
211925.0
211962.75
211930.75
211955.25
211982.5
211945.75
211923.75
211942.25
211909.5
211921.75
211871.0
211948.75
211984.75
212000.75
211948.0
211992.25
212019.0
212005.75
212050.75
212005.5
212051.25
212003.25
212196.0
212286.25
212308.75
212357.0
212413.75
212223.0
212361.0
212383.75
212478.25
4353723.25
212707.0
212813.0
212978.75
213047.0
212981.5
213155.75
213387.0
4354475.0
213883.5
213869.75
214001.0
213909.0
214006.0
214127.25
214220.5
214412.25
214688.5
214751.0
215149.75
215183.0
215454.75
215535.25
215691.0
215702.5
215758.0
216063.25
216125.5
4356428.5
216176.0
216224.75
216110.5
216134.75
216306.0
216232.75
216052.0
216054.75
215867.75
215971.25
215633.75
215833.75
215510.5
215257.0
214996.75
214951.0
4355367.75
214696.5
214629.25
214175.75
213933.5
213839.25
213795.5
213914.5
213596.25
213504.0
213366.5
213545.0
213441.0
213298.5
213282.5
213234.75
213089.5
212967.75
212749.25
212747.75
212752.25
212719.5
212581.75
212647.75
212415.25
212501.25
212399.5
212289.5
212268.5
212332.75
212328.5
212330.75
212295.0
212203.5
212260.75
4353487.0
212200.0
212196.0
212229.25
212132.25
212120.75
212128.25
212200.25
212155.75
212176.5
212152.5
212194.25
212177.5
212197.0
212145.75
212191.5
212137.25
212097.5
4353379.5
212110.0
212092.5
212094.75
212106.25
212125.0
212060.25
212121.5
212118.0
212128.5
212133.75
212089.75
212119.5
212114.75
212100.0
212065.0
212081.5
212062.5
212048.25
212058.25
212061.25
212061.0
212101.25
212046.75
212097.5
212016.0
212035.0
212026.75
212068.0
212059.75
212056.0
212032.25
212072.0
212049.5
212023.25
212030.75
212049.25
212050.75
212022.75
212030.25
212057.5
212039.5
212043.75
212050.25
212048.25
212046.25
212020.0
212030.75
212048.75
212040.75
212053.25
212029.0
212028.75
212051.5
212030.5
212046.0
212043.5
212029.0
212037.5
212027.5
212011.75
