212075.25
212038.75
212021.5
211996.75
212010.25
212040.0
212023.75
212046.25
212049.25
212035.75
212064.75
212059.75
212064.25
212049.5
212071.25
212074.25
212136.75
212023.25
212059.25
212100.25
212067.75
212047.25
212076.5
212088.75
212095.75
212086.75
212095.0
212107.5
212108.25
212129.0
212160.5
212138.75
212113.75
212161.75
212099.75
212144.5
212140.5
212146.5
212179.5
212174.0
212148.25
212141.5
212216.75
212222.0
212247.25
212364.0
212323.75
212386.0
212378.0
212314.75
212283.25
212448.0
212417.5
4321367.0
212498.25
212500.0
212678.0
212634.75
212667.75
212684.5
212899.0
212919.5
212965.25
213048.5
213134.5
213203.0
213072.5
213256.0
213327.0
213375.0
213417.75
213554.75
213694.5
213736.25
213715.25
213769.0
213847.75
213991.5
214099.75
214329.5
214484.0
214569.25
214592.75
214573.25
214784.5
214883.75
214835.75
214725.5
214864.75
214896.5
214882.0
214863.75
214781.75
214891.0
214785.5
214771.75
214750.5
214785.75
214619.25
214559.75
214421.25
214248.0
214240.75
214303.75
214182.25
213950.0
213798.75
213752.0
213906.5
213973.5
213985.0
213914.5
213985.0
213846.5
213756.25
213592.0
213469.75
213504.25
213417.5
213342.25
213217.75
212969.75
213114.25
213034.25
212923.75
212819.5
212794.0
212803.25
212746.0
212571.25
212655.75
212618.75
212537.25
212465.5
212410.5
212557.0
212452.0
212490.0
212476.75
212309.75
212332.5
212329.75
212370.5
212261.5
212214.25
212230.75
212195.75
212176.0
212191.5
212182.5
212145.5
212184.5
212174.25
212154.25
212137.25
212136.5
212122.25
212155.25
212133.0
212102.75
212123.0
212106.25
212138.25
212123.75
212087.0
212089.0
212097.5
212074.5
212089.75
212080.75
212105.5
212052.0
212094.0
212060.25
212087.25
212083.75
212046.25
212104.5
212088.0
212068.25
212066.5
212058.0
212051.75
212074.0
212099.5
212081.0
212053.25
212070.75
212045.25
212092.75
212034.5
212045.25
212048.0
212061.75
212064.0
212061.0
212073.75
212069.5
212052.5
212096.5
212051.5
212047.0
212065.0
212056.75
212067.75
212067.5
212068.0
212098.25
212093.25
212070.25
4353352.75
212051.0
212064.75
212098.75
212039.5
212059.5
212072.25
212103.25
212064.75
212081.5
