212184.5
212168.5
212186.5
212187.75
212209.5
212222.5
212237.5
212178.75
212249.75
212236.75
212233.0
212216.5
212239.5
212204.75
212205.0
212210.0
212198.0
212244.25
212193.5
212214.5
212229.0
212208.25
212230.5
212223.5
212243.5
212249.0
212252.0
212213.5
212246.25
212265.0
212222.75
212232.5
212233.25
212227.25
212232.75
212227.75
212237.75
212264.25
212222.75
212245.5
212281.0
212235.25
212218.25
212251.5
212231.5
212158.25
212234.0
212217.5
212248.0
212249.75
212222.75
212273.0
212227.75
212253.75
212215.25
212234.0
212199.5
212221.25
212206.0
212231.75
212212.5
212277.25
212399.0
212310.0
212365.5
212487.25
212601.25
212662.5
213001.0
213128.5
213458.75
213657.5
214289.5
214472.0
215006.0
215890.25
216482.0
216957.75
217337.5
217780.75
218408.75
218893.0
219033.0
219418.75
219694.25
219842.5
219785.0
219955.5
219985.0
219958.25
219939.75
219871.0
219926.5
219851.0
219756.5
219571.0
219468.0
219243.25
219155.5
218768.5
218541.25
218241.0
217949.75
217475.25
217150.5
216790.25
216302.5
215930.75
215351.75
214896.0
214662.0
214233.0
214036.5
213640.75
213339.25
213162.5
213022.5
212994.25
212713.5
212574.0
212481.25
212456.0
212415.25
212370.0
212384.0
212316.75
212337.75
212354.5
212345.75
212365.0
212315.5
212356.75
212336.0
212335.25
212314.75
212318.5
212333.5
212310.75
212288.25
212292.75
212292.75
212310.0
212265.75
212303.0
212312.0
212300.75
212303.0
212305.5
212314.25
212302.25
212307.75
212300.75
212301.0
212307.5
212275.5
212266.0
212223.25
212244.0
212251.0
212248.75
212257.25
212227.0
212266.25
212228.25
212248.25
212246.25
212247.5
212247.75
212242.0
212238.0
212222.25
212213.5
212180.5
212207.5
212227.0
212250.5
212245.25
212231.0
212228.25
212203.75
212208.0
212200.0
212202.5
212213.5
212209.0
212220.5
212208.5
212226.5
212233.0
212229.0
212198.75
212226.75
212198.75
212210.75
212242.75
212232.0
212207.0
212236.75
212226.25
212222.0
212191.5
212198.25
212207.25
212206.75
212193.75
212219.0
212229.75
212212.5
212211.5
212216.5
212222.25
212212.25
212205.5
212192.0
212210.75
212217.0
212214.25
212228.25
212241.25
212221.25
