211966.25
211980.0
211961.75
211978.25
211991.5
211992.75
211999.5
211981.0
212004.5
211967.5
212016.25
212064.0
212022.0
212027.0
212047.75
212065.75
212035.5
212064.25
212080.25
212041.5
212047.75
212045.75
212014.75
212046.0
212040.75
212034.0
212083.75
212078.0
212079.0
212051.75
212041.5
212073.75
212073.5
212051.75
212081.0
212076.5
212125.75
212094.5
212116.75
212110.5
212085.5
212093.75
212075.75
212103.25
212071.0
212055.0
212167.5
212178.0
212224.25
212317.0
212265.25
212270.75
212356.0
212412.75
212344.75
212389.75
212418.25
212529.5
212561.25
212626.0
212608.25
212704.0
212908.75
212757.5
213001.5
213089.0
213311.5
213245.5
213206.0
213580.0
213473.0
213690.75
213744.75
213752.25
213926.75
213970.0
214003.0
214481.25
214481.0
214415.5
214592.75
214737.25
215012.75
214846.5
215077.0
215013.5
215167.25
215238.0
215270.25
215404.75
215238.0
215358.75
215279.0
215413.25
215380.5
215159.5
215276.0
215280.25
215100.0
215128.25
215181.75
215077.0
214752.75
214769.75
214483.25
214566.25
214529.75
214364.75
214236.5
214178.25
214104.5
213872.25
213752.25
213851.0
213765.0
213665.0
213487.25
213527.75
213467.0
213300.75
213231.5
213176.0
213089.25
212989.75
212965.5
212686.75
212788.75
212772.25
212649.0
212640.25
212602.5
212548.75
212489.5
212452.5
212461.5
212412.25
212353.5
212364.5
212327.75
212308.75
212296.25
212306.75
212247.5
212287.75
212239.5
212216.75
212234.75
212242.5
212189.75
212226.25
212230.5
212163.25
212175.75
212189.25
212136.25
212138.5
212195.0
212172.25
212134.0
212185.25
212115.5
212156.0
212156.0
212170.0
212131.75
212139.0
212163.0
212141.25
212138.75
212146.75
212134.5
212112.5
212144.0
212121.25
212130.0
212127.0
212108.75
212101.25
212083.75
212143.5
212093.75
212115.25
212080.25
212121.75
212104.5
212102.25
212071.75
212099.5
212112.25
212139.0
212118.25
212132.25
212140.25
212093.0
212076.5
212099.0
212122.0
212096.5
212120.25
212086.5
212140.5
212099.75
212099.5
212114.25
212070.25
212094.75
212064.5
212099.25
212079.75
212086.75
212067.75
212072.0
212081.0
212061.75
212075.25
