211717.75
211707.0
211701.5
211712.5
211700.25
211693.75
211711.75
211726.0
211738.0
211692.5
211731.0
211761.5
211721.75
211730.5
211751.5
211742.0
211762.25
211781.0
211789.5
211736.25
211743.0
211760.75
211740.0
211758.5
211768.25
211740.0
211764.25
211764.0
211817.25
211800.75
211776.5
211808.0
211789.75
211798.5
211783.0
211805.0
211789.5
211774.25
211803.0
211761.5
211811.75
211808.75
211795.75
211801.75
211785.25
211827.5
211833.25
211860.25
211835.25
211782.5
211811.5
211816.0
211847.25
211808.25
211737.25
211822.0
211772.5
211850.75
211810.75
211790.25
211808.0
211789.75
211827.5
211829.5
211867.75
211789.75
211827.0
211830.75
211821.5
211845.75
211848.25
211890.25
211844.75
212423.25
215510.0
217896.5
218955.75
219437.25
219572.5
219681.25
219782.0
219720.75
219820.0
219870.25
219829.25
219838.25
219855.0
219962.5
219864.25
219990.25
219964.25
219925.75
219946.25
219940.0
219926.5
219947.5
219908.25
219922.5
219763.5
219802.75
219796.25
219678.75
219668.5
219394.25
219018.75
218257.0
217142.25
214523.0
212594.25
212120.25
212104.25
212140.75
212141.75
212083.5
212157.75
212131.5
212105.5
212201.0
212129.25
212152.5
212155.75
212145.25
212141.0
212167.5
212049.0
212087.0
212101.75
212081.0
212090.0
212104.5
212122.0
212077.25
212093.25
212068.5
212058.75
212081.75
212062.0
212067.75
212091.75
212070.75
212065.75
212080.75
212070.0
212061.5
212090.0
212048.75
212082.0
212053.25
212072.0
212075.75
212081.0
212082.5
212088.5
212104.0
212080.0
212104.5
212072.75
212057.25
212066.5
212096.5
212145.5
212107.5
212104.0
212048.75
212063.25
212074.0
212064.0
212060.5
212086.25
212072.5
212105.0
212075.75
212063.25
212073.75
212072.0
212073.5
212075.5
212094.75
212069.75
212083.75
212079.0
212090.75
212079.5
212085.0
212112.0
212116.75
212089.75
212106.75
212077.75
212111.0
212116.75
212088.0
212110.0
212096.75
212084.5
212083.25
212090.75
212097.75
212098.75
212118.25
212110.5
212136.0
212105.25
212126.75
212108.25
212090.75
212113.25
212129.25
212086.5
212129.75
212126.5
212119.75
212086.75
212125.0
212125.0
212152.25
212122.75
