213057.0
213044.0
213037.0
213015.0
213024.0
213045.0
213067.0
213021.0
213049.0
213081.0
213027.0
213043.0
212974.0
212982.0
213035.0
212981.0
213058.0
213009.0
213017.0
213002.0
212961.0
212973.0
213058.0
213030.0
213018.0
213019.0
213051.0
213049.0
212994.0
213011.0
213043.0
213038.0
213025.0
213010.0
212984.0
213039.0
213105.0
213043.0
213033.0
212970.0
212973.0
213000.0
212984.0
212958.0
212988.0
213011.0
212972.0
213029.0
212985.0
212960.0
212975.0
212973.0
213017.0
212991.0
212955.0
212969.0
212974.0
212981.0
212950.0
212896.0
212930.0
212911.0
212893.0
212932.0
212921.0
212959.0
212978.0
212910.0
212887.0
212950.0
212852.0
212916.0
212926.0
212929.0
212905.0
212951.0
212949.0
212920.0
212928.0
212899.0
212899.0
212903.0
212850.0
212880.0
212901.0
212824.0
212877.0
212933.0
212885.0
212873.0
212878.0
212881.0
212818.0
212887.0
212866.0
212895.0
212912.0
212880.0
212897.0
212888.0
212855.0
212867.0
212907.0
212940.0
212852.0
212916.0
212840.0
212884.0
212873.0
212907.0
212878.0
212883.0
212905.0
212901.0
212852.0
212905.0
212866.0
212887.0
212834.0
212829.0
212917.0
212832.0
212873.0
212878.0
212891.0
212844.0
212899.0
212896.0
212939.0
212857.0
212898.0
212883.0
212947.0
212862.0
212854.0
212856.0
212867.0
212866.0
212883.0
212843.0
212814.0
212894.0
212856.0
212881.0
212835.0
212904.0
212842.0
212778.0
212821.0
212853.0
212834.0
212849.0
212767.0
212796.0
212849.0
212811.0
212832.0
212765.0
212829.0
212815.0
212859.0
212816.0
212876.0
212815.0
212815.0
212800.0
212813.0
212832.0
212794.0
212824.0
212777.0
212806.0
212786.0
212831.0
212788.0
212800.0
212756.0
212861.0
212820.0
212828.0
212816.0
212855.0
212799.0
212813.0
212811.0
212819.0
212797.0
212824.0
212782.0
212759.0
212768.0
212872.0
212796.0
212790.0
212807.0
212772.0
212784.0
212756.0
212750.0
212745.0
212827.0
212767.0
212778.0
212794.0
212769.0
212749.0
212835.0
212770.0
212807.0
212772.0
212763.0
212777.0
212762.0
212774.0
212732.0
212759.0
212803.0
212788.0
212823.0
212819.0
212765.0
212778.0
212795.0
212740.0
212773.0
212817.0
212813.0
212735.0
212743.0
212733.0
212767.0
212808.0
212796.0
212734.0
212758.0
212810.0
212834.0
212748.0
212802.0
212772.0
212761.0
212770.0
212787.0
212786.0
212797.0
212775.0
212696.0
212731.0
212770.0
212721.0
212743.0
212717.0
212749.0
212786.0
212768.0
212728.0
212802.0
212736.0
212733.0
212773.0
212719.0
212750.0
212825.0
212746.0
212772.0
212802.0
212768.0
212831.0
212702.0
212760.0
212806.0
212711.0
212774.0
212722.0
212799.0
212711.0
212723.0
212732.0
212724.0
212752.0
212745.0
212708.0
212767.0
212750.0
212741.0
212824.0
212739.0
212751.0
212751.0
212744.0
212692.0
212768.0
212757.0
212791.0
212720.0
212738.0
212728.0
212693.0
212699.0
212757.0
212734.0
212739.0
212730.0
212739.0
212744.0
212682.0
212741.0
212719.0
212764.0
212752.0
212688.0
212677.0
212727.0
212712.0
212780.0
212735.0
212742.0
212767.0
212772.0
212724.0
212727.0
212760.0
212719.0
212744.0
212697.0
212663.0
212722.0
212725.0
212720.0
212684.0
212710.0
212751.0
212789.0
212723.0
212710.0
212681.0
212693.0
212678.0
212773.0
212687.0
212711.0
212661.0
212640.0
212720.0
212677.0
212728.0
212587.0
212714.0
212703.0
212775.0
212720.0
212709.0
212648.0
212737.0
212659.0
212676.0
212714.0
212716.0
212712.0
212669.0
212695.0
212666.0
212717.0
212715.0
212717.0
212665.0
212660.0
212721.0
212667.0
212684.0
212675.0
212735.0
212742.0
212700.0
212648.0
212684.0
212705.0
212699.0
212712.0
212727.0
212757.0
212697.0
212675.0
212709.0
212704.0
212734.0
212721.0
212641.0
212736.0
212699.0
212751.0
212677.0
212714.0
212723.0
212744.0
212682.0
212724.0
212704.0
212788.0
212709.0
212663.0
212663.0
212697.0
212696.0
212724.0
212728.0
212739.0
212682.0
212643.0
212750.0
212709.0
212672.0
212749.0
212769.0
212689.0
212700.0
212668.0
212673.0
212699.0
212703.0
212687.0
212691.0
212653.0
212676.0
212679.0
212720.0
212721.0
212669.0
212745.0
212731.0
212688.0
212670.0
212659.0
212672.0
212648.0
212716.0
212666.0
212665.0
212672.0
212669.0
212733.0
212652.0
212687.0
212704.0
212687.0
212656.0
212761.0
212676.0
212714.0
212755.0
212702.0
212677.0
212714.0
212697.0
212699.0
212663.0
212725.0
212671.0
212703.0
212697.0
212681.0
212744.0
212698.0
212612.0
212692.0
212724.0
212711.0
212768.0
212715.0
212737.0
212650.0
212713.0
212701.0
212663.0
212697.0
212724.0
212706.0
212719.0
212667.0
212725.0
212745.0
212728.0
212698.0
212699.0
212710.0
212707.0
212684.0
212747.0
212709.0
212704.0
212730.0
212686.0
212703.0
212704.0
212700.0
212684.0
