215711.0
215753.0
215712.0
215779.0
215657.0
215581.0
215638.0
215710.0
215698.0
215657.0
215736.0
215564.0
215693.0
215780.0
215768.0
215718.0
215694.0
215716.0
215816.0
215699.0
215711.0
215653.0
215683.0
215611.0
215739.0
215707.0
215606.0
215649.0
215680.0
215708.0
215646.0
215629.0
215711.0
215669.0
215632.0
215661.0
215642.0
215685.0
215628.0
215637.0
215707.0
215671.0
215759.0
215710.0
215659.0
215648.0
215686.0
215572.0
215670.0
215691.0
215693.0
215606.0
215729.0
215699.0
215624.0
215695.0
215639.0
215581.0
215679.0
215639.0
215623.0
215645.0
215631.0
215672.0
215601.0
215566.0
215634.0
215639.0
215693.0
215634.0
215688.0
215548.0
215690.0
215765.0
215759.0
215628.0
215716.0
215626.0
215693.0
215704.0
215612.0
215653.0
215697.0
215744.0
215697.0
215711.0
215817.0
215650.0
215821.0
215787.0
215603.0
215632.0
215663.0
215634.0
215641.0
215675.0
215743.0
215598.0
215561.0
215678.0
215638.0
215705.0
215693.0
215616.0
215678.0
215700.0
215691.0
215741.0
215667.0
215692.0
215740.0
215616.0
215663.0
215711.0
215693.0
215618.0
215678.0
215826.0
215627.0
215641.0
215689.0
215670.0
215696.0
215701.0
215620.0
215718.0
215591.0
215859.0
215653.0
215557.0
215625.0
215659.0
215690.0
215669.0
215615.0
215640.0
215702.0
215645.0
215675.0
215669.0
215674.0
215702.0
215669.0
215699.0
215690.0
215621.0
215704.0
215791.0
215604.0
215713.0
215662.0
215710.0
215698.0
215685.0
215687.0
215741.0
215619.0
215739.0
215717.0
215648.0
215783.0
215705.0
215730.0
215733.0
215721.0
215759.0
215687.0
215681.0
215763.0
215694.0
215661.0
215661.0
215689.0
215718.0
215712.0
215675.0
215669.0
215769.0
215648.0
215546.0
215697.0
215648.0
215699.0
215766.0
215613.0
215744.0
215766.0
215749.0
215676.0
215684.0
215722.0
215645.0
215810.0
215710.0
215797.0
215646.0
215717.0
215657.0
215871.0
215616.0
215573.0
215762.0
215672.0
215680.0
215704.0
215638.0
215658.0
215642.0
215625.0
215681.0
215661.0
215676.0
215623.0
215663.0
215590.0
215715.0
215749.0
215619.0
215754.0
215744.0
215746.0
215661.0
215798.0
215672.0
215630.0
215762.0
215716.0
215623.0
215778.0
215669.0
215670.0
215689.0
215751.0
215720.0
215662.0
215614.0
215684.0
215741.0
215652.0
215759.0
215749.0
215736.0
215700.0
215665.0
215712.0
215640.0
215756.0
215671.0
215692.0
215760.0
215665.0
215658.0
215616.0
215758.0
215689.0
215662.0
215696.0
215761.0
215656.0
215641.0
215739.0
215707.0
215726.0
215680.0
215701.0
215712.0
215627.0
215745.0
215703.0
215701.0
215731.0
215674.0
215650.0
215740.0
215719.0
215593.0
215694.0
215636.0
215703.0
215687.0
215665.0
215686.0
215686.0
215766.0
215668.0
215619.0
215645.0
215658.0
215733.0
215672.0
215750.0
215744.0
215666.0
215568.0
215654.0
215655.0
215670.0
215617.0
215718.0
215700.0
215727.0
215574.0
215624.0
215711.0
215763.0
215718.0
215611.0
215652.0
215643.0
215608.0
215624.0
215658.0
215647.0
215696.0
215734.0
215616.0
215627.0
215626.0
215663.0
215673.0
215593.0
215690.0
215791.0
215638.0
215690.0
215647.0
215691.0
215733.0
215650.0
215604.0
215697.0
215639.0
215636.0
215614.0
215577.0
215673.0
215679.0
215648.0
215612.0
215676.0
215721.0
215601.0
215678.0
215737.0
215741.0
215661.0
215635.0
215725.0
215696.0
215709.0
215663.0
215635.0
215697.0
215620.0
215590.0
215704.0
215645.0
215609.0
215635.0
215776.0
215644.0
215793.0
215773.0
215683.0
215617.0
215639.0
215720.0
215524.0
215632.0
215685.0
215664.0
215662.0
215646.0
215750.0
215735.0
215687.0
215613.0
215629.0
215694.0
215778.0
215580.0
215697.0
215713.0
215596.0
215726.0
215672.0
215675.0
215620.0
215634.0
215691.0
215733.0
215618.0
215661.0
215614.0
215536.0
215669.0
215612.0
215580.0
215650.0
215684.0
215611.0
215640.0
215664.0
215646.0
215608.0
215608.0
215679.0
215623.0
215605.0
215619.0
215767.0
215660.0
215662.0
215636.0
215733.0
215664.0
215692.0
215726.0
215618.0
215600.0
215551.0
215691.0
215627.0
215615.0
215661.0
215672.0
215649.0
215683.0
215698.0
215707.0
215669.0
215648.0
215739.0
215641.0
215641.0
215621.0
215607.0
215585.0
215627.0
215702.0
215652.0
215597.0
215634.0
215613.0
215633.0
215714.0
215611.0
215732.0
215608.0
215641.0
215702.0
215641.0
215661.0
215646.0
215628.0
215697.0
215706.0
215698.0
215662.0
215669.0
215721.0
215695.0
215625.0
215655.0
215623.0
215666.0
215578.0
215643.0
215688.0
215591.0
215687.0
215633.0
215599.0
215662.0
215614.0
215694.0
215656.0
215548.0
215623.0
215673.0
215642.0
215651.0
215666.0
215662.0
215790.0
215626.0
215646.0
215736.0
215655.0
215628.0
215667.0
215616.0
215590.0
215685.0
215697.0
215613.0
215682.0
215719.0
215645.0
