212074.0
212102.75
212091.75
212118.5
212097.75
212091.25
212134.75
212078.0
212098.25
212112.0
212132.0
212172.0
212118.0
212148.0
212119.25
212182.0
212185.75
212119.25
212110.75
212148.0
212123.25
212127.25
212142.0
212170.0
212149.0
212132.5
212155.0
212146.5
212148.0
212143.75
212166.75
212139.75
212133.25
212138.0
212157.75
212197.25
212141.0
212164.5
212174.75
212168.5
212114.0
212153.25
212192.75
212135.0
212152.5
212181.75
212155.75
212160.0
212111.75
212172.75
212116.75
212146.5
212122.0
212056.25
212048.25
212085.5
212088.25
212107.5
212100.0
212122.75
212086.0
212048.0
212085.25
212043.0
212028.5
212094.0
212060.5
212044.0
212094.0
212074.5
212156.75
212403.5
212922.0
213139.0
215110.25
216564.0
217783.0
218407.0
218869.75
219226.5
219695.25
219796.75
219942.0
219979.75
219967.25
220022.0
219939.25
219928.0
220049.0
220028.25
220065.25
220075.0
220043.75
220017.0
220079.0
220078.5
220035.75
219893.75
220010.0
219980.75
219895.0
219748.0
219199.75
218843.75
218383.75
217690.25
217196.0
216456.75
215866.5
214691.25
214018.5
213504.75
213025.75
212865.5
212548.5
212476.75
212364.5
212390.75
212301.5
212319.5
212318.0
212356.75
212321.0
212285.75
212320.25
212311.5
212305.0
212274.0
212288.25
212250.75
212296.25
212256.25
212296.0
212273.75
212272.75
212311.75
212330.25
212269.5
212246.75
212286.25
212272.75
212226.25
212287.0
212271.5
212292.25
212301.25
212251.25
212276.5
212240.75
212239.75
212225.5
212233.25
212268.0
212214.25
212252.75
212266.0
212226.75
212244.25
212240.5
212231.0
212262.75
212234.25
212262.25
212266.75
212237.0
212231.75
212256.75
212238.5
212262.25
212265.0
212263.75
212256.0
212254.25
212266.0
212242.0
212237.5
212261.75
212229.25
212248.5
212281.5
212238.25
212279.5
212254.5
212248.0
212249.25
212241.0
212247.5
212269.25
212276.5
212227.0
212290.25
212265.5
212271.25
212289.25
212259.5
212295.0
212263.5
212267.25
212260.25
212261.5
212283.25
212265.5
212252.25
212283.5
212300.0
212268.0
212297.5
212291.75
212287.0
212307.0
212281.75
212293.75
212286.75
212274.25
212288.0
212265.5
