211796.25
211803.0
211802.25
211852.75
211838.5
211780.0
211822.5
211813.75
211842.75
211852.0
211822.5
211850.25
211831.0
211810.5
211832.75
211838.5
211816.25
211863.75
211807.25
211798.75
211805.75
211770.0
211826.25
211820.5
211817.0
211786.25
211838.25
211844.5
211831.25
211868.0
211806.25
211825.0
211836.25
211846.25
211821.25
211860.75
211830.5
211819.0
211794.75
211831.5
211834.5
211846.5
211827.0
211845.5
211822.5
211845.25
211891.0
211913.75
211909.75
211995.25
211899.25
211955.0
211958.75
211980.5
212190.25
212150.5
212036.25
212188.5
212191.5
212293.0
212470.0
212523.5
212805.75
212805.75
212801.25
213020.25
213131.5
213433.25
213605.75
213576.25
214047.5
214226.25
214235.25
214418.0
214985.25
214951.0
215273.25
215481.0
215770.5
215852.0
216012.25
216265.25
216587.75
216567.5
216674.75
216984.0
216957.25
217274.75
217359.5
217429.5
217350.75
217184.0
217005.5
217021.0
217009.5
216586.25
216580.75
216570.5
216191.5
216125.75
216252.75
215725.75
215669.5
215437.0
215223.0
215162.5
214950.25
214593.5
214278.0
214157.0
213947.75
213835.5
213780.75
213613.0
213158.0
213245.25
213066.75
213093.5
212794.0
212796.5
212539.5
212518.0
212518.25
212461.0
212288.75
212301.75
212295.0
212205.0
212190.0
212166.75
212148.5
212084.25
212074.0
212075.5
212056.0
211988.0
211993.25
212026.0
212072.75
212000.75
211978.0
212005.0
212028.0
212000.75
211989.25
211984.0
211985.0
211973.5
211969.75
212013.75
211967.25
211970.5
211952.25
211947.75
211963.25
211946.5
211985.25
211950.25
211974.5
211950.0
211953.5
211951.0
211962.5
212017.25
211928.5
211929.25
211961.75
211943.75
211952.5
211938.5
211939.25
211929.75
211898.75
211886.0
211914.25
211906.5
211915.0
211907.5
211933.0
211925.75
211904.75
211908.5
211907.75
211894.25
211922.0
211886.0
211907.25
211921.25
211901.75
211923.25
211935.5
211926.0
211947.75
211935.75
211919.75
211920.0
211931.0
211934.0
211927.75
211938.0
211937.5
211895.0
211900.75
211860.5
211937.25
211882.75
211887.5
211925.5
211944.5
211904.5
211941.0
211900.75
211907.75
211885.0
211931.75
211926.75
211901.5
