213057
213044
213037
213015
213024
213045
213067
213021
213049
213081
213027
213043
212974
212982
213035
212981
213058
213009
213017
213002
212961
212973
213058
213030
213018
213019
213051
213049
212994
213011
213043
213038
213025
213010
212984
213039
213105
213043
213033
212970
212973
213000
212984
212958
212988
213011
212972
213029
212985
212960
212975
212973
213017
212991
212955
16761039
212969
212974
212981
212950
212896
212930
212911
212893
212932
212921
212959
212978
212910
212887
212950
212852
212916
212926
212929
212905
212951
212949
212920
212928
212899
212899
212903
212850
212880
212901
212824
212877
212933
212885
212873
212878
212881
212818
212887
212866
212895
212912
212880
212897
212888
212855
212867
212907
212940
212852
212916
212840
212884
212873
212907
212878
212883
212905
212901
212852
212905
212866
212887
212834
212829
212917
212832
212873
212878
212891
212844
212899
212896
212939
212857
212898
212883
212947
212862
212854
212856
212867
212866
212883
212843
212814
212894
212856
212881
212835
212904
212842
212778
212821
212853
212834
212849
212767
212796
212849
212811
212832
212765
212829
212815
212859
212816
212876
212815
212815
212800
212813
212832
212794
212824
212777
212806
212786
212831
212788
212800
212756
212861
212820
212828
212816
212855
212799
212813
212811
212819
212797
212824
212782
212759
212768
212872
212796
212790
212807
212772
212784
212756
212750
212745
212827
212767
212778
212794
212769
212749
212835
212770
212807
212772
212763
212777
212762
212774
212732
212759
212803
212788
212823
212819
212765
212778
212795
212740
212773
212817
212813
212735
212743
16777215
212733
212767
212808
212796
212734
212758
212810
212834
212748
212802
212772
212761
212770
212787
212786
212797
212775
212696
212731
212770
212721
212743
212717
212749
212786
212768
212728
212802
212736
212733
212773
212719
212750
212825
212746
212772
212802
212768
212831
212702
212760
212806
212711
212774
212722
212799
212711
212723
212732
212724
212752
212745
212708
212767
212750
212741
212824
212739
212751
212751
212744
212692
212768
212757
212791
212720
212738
212728
212693
212699
212757
212734
212739
212730
212739
212744
212682
212741
212719
212764
212752
212688
212677
212727
212712
212780
212735
16777215
212742
212767
212772
212724
212727
212760
212719
212744
212697
212663
212722
212725
212720
212684
212710
212751
212789
212723
212710
212681
212693
212678
212773
212687
212711
212661
16777215
212640
212720
212677
212728
212587
212714
212703
212775
212720
212709
212648
212737
212659
212676
212714
212716
212712
212669
212695
212666
212717
212715
212717
212665
212660
212721
212667
212684
212675
212735
212742
212700
212648
212684
212705
212699
212712
212727
212757
212697
212675
212709
212704
212734
212721
212641
212736
212699
212751
212677
212714
212723
212744
212682
212724
212704
212788
212709
212663
212663
212697
212696
212724
212728
212739
212682
212643
212750
212709
212672
212749
212769
212689
212700
212668
212673
212699
212703
212687
212691
212653
212676
212679
212720
212721
212669
212745
212731
212688
212670
212659
212672
212648
212716
212666
212665
212672
212669
212733
212652
212687
212704
212687
212656
212761
212676
212714
212755
212702
212677
212714
212697
212699
212663
212725
212671
212703
212697
212681
212744
212698
212612
212692
212724
212711
212768
212715
212737
212650
212713
212701
212663
212697
212724
212706
212719
212667
212725
212745
212728
212698
212699
212710
212707
212684
212747
212709
212704
212730
212686
212703
212704
212700
212684
